[[9.99994755e-01 5.26740814e-06]
 [9.99971032e-01 2.89873860e-05]
 [9.99995232e-01 4.71578142e-06]
 [9.99999642e-01 4.09352509e-07]
 [9.99999881e-01 1.18071895e-07]
 [9.99999762e-01 1.97938832e-07]
 [9.99999881e-01 1.00214805e-07]
 [9.99999881e-01 8.41543368e-08]
 [9.99999642e-01 3.98780713e-07]
 [1.00000000e+00 2.28777832e-08]
 [9.99999881e-01 7.78307978e-08]
 [9.99998808e-01 1.17175216e-06]
 [9.99998331e-01 1.64258950e-06]
 [9.99994278e-01 5.67654797e-06]
 [9.99999046e-01 1.00594639e-06]
 [9.99999762e-01 2.04868741e-07]
 [9.99999642e-01 3.17152029e-07]
 [9.99999762e-01 2.45988844e-07]
 [9.99999762e-01 2.46146527e-07]
 [9.99999762e-01 2.02024623e-07]
 [9.99999166e-01 7.75907949e-07]
 [9.99998808e-01 1.21353116e-06]
 [9.99999642e-01 3.82273839e-07]
 [9.99999166e-01 7.91297339e-07]
 [9.99999046e-01 9.58410851e-07]
 [9.99998569e-01 1.43562772e-06]
 [9.99998569e-01 1.43244802e-06]
 [9.99999762e-01 2.02783795e-07]
 [9.99999166e-01 7.77734897e-07]
 [9.99999285e-01 7.53781478e-07]
 [1.00000000e+00 4.52254518e-08]
 [9.99999881e-01 8.07691478e-08]
 [9.99999881e-01 1.05156516e-07]
 [9.99999881e-01 1.78113666e-07]
 [9.99999881e-01 8.59478106e-08]
 [9.99999523e-01 4.19183891e-07]
 [9.99999881e-01 1.61608639e-07]
 [9.99999881e-01 1.41905332e-07]
 [9.99999881e-01 7.16205690e-08]
 [9.99979734e-01 2.02158226e-05]]	[[9.99999881e-01 6.18986817e-08]
 [9.99999881e-01 1.41026646e-07]
 [9.99999762e-01 2.00778842e-07]
 [9.99999881e-01 1.77156849e-07]
 [9.99999881e-01 1.44080516e-07]
 [9.99999881e-01 1.17692920e-07]
 [9.99999881e-01 8.71969590e-08]
 [9.99999881e-01 9.56679642e-08]
 [9.99999881e-01 1.45052908e-07]
 [9.99999881e-01 1.10620270e-07]
 [9.99999881e-01 8.53779127e-08]
 [9.99999881e-01 8.21978645e-08]
 [9.99999881e-01 1.13684507e-07]
 [9.99999881e-01 1.37139494e-07]
 [9.99999881e-01 1.22352688e-07]
 [9.99999881e-01 1.25795751e-07]
 [9.99999881e-01 1.21335589e-07]
 [9.99999881e-01 1.00683827e-07]
 [9.99999881e-01 1.33886786e-07]
 [9.99999881e-01 1.35747186e-07]
 [9.99999881e-01 1.53486766e-07]
 [9.99999881e-01 1.32101135e-07]
 [9.99999881e-01 1.31671101e-07]
 [9.99999881e-01 1.10459823e-07]
 [9.99999881e-01 8.27458990e-08]
 [9.99999881e-01 7.11433685e-08]
 [9.99999881e-01 6.02734289e-08]
 [9.99999881e-01 6.26113561e-08]
 [9.99999881e-01 8.36954115e-08]
 [9.99999881e-01 1.10300029e-07]
 [1.00000000e+00 5.84891460e-08]
 [9.99999881e-01 6.84081201e-08]
 [9.99999881e-01 1.07550896e-07]
 [9.99999881e-01 6.48833591e-08]
 [9.99999881e-01 8.90464307e-08]
 [9.99999881e-01 1.33835343e-07]
 [9.99999881e-01 7.75427438e-08]
 [9.99999881e-01 7.32291383e-08]
 [9.99999762e-01 2.47829263e-07]
 [9.76225853e-01 2.37741806e-02]]	[[1.0000000e+00 3.9632468e-08]
 [1.0000000e+00 3.6746929e-08]
 [1.0000000e+00 5.5387183e-08]
 [9.9999988e-01 6.0835440e-08]
 [1.0000000e+00 5.9346906e-08]
 [9.9999988e-01 1.0175045e-07]
 [9.9999988e-01 8.6819405e-08]
 [9.9999988e-01 8.8460872e-08]
 [9.9999988e-01 6.8224786e-08]
 [9.9999988e-01 6.1177190e-08]
 [9.9999988e-01 7.6109529e-08]
 [1.0000000e+00 5.3843067e-08]
 [9.9999988e-01 6.7913575e-08]
 [1.0000000e+00 4.2027104e-08]
 [9.9999988e-01 6.5885892e-08]
 [1.0000000e+00 5.6069577e-08]
 [9.9999988e-01 6.6825486e-08]
 [1.0000000e+00 3.4591395e-08]
 [9.9999988e-01 6.7789209e-08]
 [9.9999988e-01 6.2005732e-08]
 [9.9999988e-01 9.4884193e-08]
 [1.0000000e+00 5.9320989e-08]
 [9.9999988e-01 6.6083615e-08]
 [9.9999988e-01 7.0415716e-08]
 [1.0000000e+00 5.1037226e-08]
 [9.9999988e-01 8.1610168e-08]
 [1.0000000e+00 3.0795935e-08]
 [1.0000000e+00 2.3011436e-08]
 [1.0000000e+00 4.7347616e-08]
 [1.0000000e+00 4.9682942e-08]
 [1.0000000e+00 4.5368267e-08]
 [9.9999988e-01 6.5321693e-08]
 [9.9999988e-01 6.1424011e-08]
 [9.9999988e-01 6.3170226e-08]
 [9.9999988e-01 9.2007028e-08]
 [9.9999988e-01 6.6796048e-08]
 [9.9999988e-01 7.0657208e-08]
 [1.0000000e+00 3.3635441e-08]
 [9.9999189e-01 8.1503185e-06]
 [9.9857831e-01 1.4217416e-03]]	[[1.00000000e+00 4.23650519e-08]
 [1.00000000e+00 4.12213836e-08]
 [1.00000000e+00 5.58513022e-08]
 [9.99999881e-01 6.86268891e-08]
 [9.99999881e-01 7.05664362e-08]
 [9.99999881e-01 8.97191441e-08]
 [9.99999881e-01 7.25508329e-08]
 [9.99999881e-01 6.99704259e-08]
 [9.99999881e-01 7.08812777e-08]
 [1.00000000e+00 5.17018144e-08]
 [9.99999881e-01 8.29706295e-08]
 [9.99999881e-01 1.07183716e-07]
 [1.00000000e+00 5.23561781e-08]
 [1.00000000e+00 5.55521247e-08]
 [9.99999881e-01 6.61274910e-08]
 [1.00000000e+00 4.71730992e-08]
 [9.99999881e-01 6.18119600e-08]
 [1.00000000e+00 2.01853378e-08]
 [9.99999881e-01 6.88488555e-08]
 [9.99999881e-01 7.27161122e-08]
 [9.99999881e-01 8.38005150e-08]
 [9.99999881e-01 1.07769388e-07]
 [9.99999881e-01 7.34689323e-08]
 [9.99999881e-01 1.41501943e-07]
 [1.00000000e+00 4.53162912e-08]
 [1.00000000e+00 2.54963677e-08]
 [1.00000000e+00 3.54331924e-08]
 [1.00000000e+00 4.12866150e-08]
 [9.99999881e-01 6.31445687e-08]
 [1.00000000e+00 4.43843966e-08]
 [9.99999881e-01 7.13962081e-08]
 [9.99999881e-01 7.39992743e-08]
 [9.99999881e-01 6.33738111e-08]
 [9.99999881e-01 8.02793565e-08]
 [9.99999881e-01 1.01131498e-07]
 [9.99999881e-01 9.60063176e-08]
 [1.00000000e+00 3.43158533e-08]
 [9.99999166e-01 7.83561120e-07]
 [9.99947429e-01 5.25457799e-05]
 [9.99998093e-01 1.95041480e-06]]	[[1.00000000e+00 4.32484484e-08]
 [1.00000000e+00 4.79975597e-08]
 [1.00000000e+00 5.18572634e-08]
 [9.99999881e-01 6.10273148e-08]
 [9.99999881e-01 9.58603010e-08]
 [9.99999881e-01 8.29174738e-08]
 [9.99999881e-01 6.55438370e-08]
 [9.99999881e-01 1.10137734e-07]
 [9.99999881e-01 1.65692441e-07]
 [9.99999881e-01 7.13361814e-08]
 [9.99999881e-01 7.32526146e-08]
 [9.99999881e-01 9.68143183e-08]
 [9.99999881e-01 6.54305481e-08]
 [9.99999881e-01 8.16953545e-08]
 [9.99999881e-01 7.40690282e-08]
 [9.99999881e-01 8.27503186e-08]
 [9.99999881e-01 9.54492521e-08]
 [9.99999881e-01 8.78878907e-08]
 [9.99999881e-01 1.67960181e-07]
 [9.99999523e-01 4.43019303e-07]
 [9.99999762e-01 2.41992296e-07]
 [9.99999881e-01 8.99935344e-08]
 [9.99999881e-01 7.75696591e-08]
 [9.99999881e-01 6.19049345e-08]
 [9.99999881e-01 1.28430358e-07]
 [9.99999881e-01 1.01382959e-07]
 [9.99999881e-01 1.21485300e-07]
 [9.99999881e-01 1.64230485e-07]
 [9.99999642e-01 3.15293136e-07]
 [9.99999642e-01 3.06376364e-07]
 [9.99999642e-01 3.38309150e-07]
 [9.99999762e-01 2.80174902e-07]
 [9.99999762e-01 2.91331077e-07]
 [9.99999642e-01 3.36694029e-07]
 [9.99999881e-01 8.40173726e-08]
 [9.99999762e-01 2.03049680e-07]
 [9.99999404e-01 6.20834896e-07]
 [9.99999285e-01 6.56523241e-07]
 [9.99999642e-01 3.09708298e-07]
 [9.99999762e-01 2.59008004e-07]]	[[9.9999964e-01 3.3308766e-07]
 [9.9999976e-01 2.0736908e-07]
 [9.9999952e-01 4.7439235e-07]
 [9.9999952e-01 4.6031496e-07]
 [9.9999952e-01 4.6020830e-07]
 [9.9999893e-01 1.1113221e-06]
 [9.9999869e-01 1.2764976e-06]
 [9.9999917e-01 7.7719955e-07]
 [9.9999905e-01 1.0043600e-06]
 [9.9999940e-01 5.8887753e-07]
 [9.9999952e-01 4.9997703e-07]
 [9.9999821e-01 1.8154188e-06]
 [9.9999785e-01 2.1866442e-06]
 [9.9999666e-01 3.3377812e-06]
 [9.9999845e-01 1.5472139e-06]
 [9.9999702e-01 2.9912644e-06]
 [9.9999464e-01 5.3310532e-06]
 [9.9999917e-01 7.8519184e-07]
 [9.9999952e-01 4.6111464e-07]
 [9.9999952e-01 4.4517250e-07]
 [9.9999964e-01 3.5094752e-07]
 [9.9999976e-01 2.5466122e-07]
 [9.9999976e-01 2.0026958e-07]
 [9.9999976e-01 2.0037810e-07]
 [9.9999976e-01 2.7037285e-07]
 [9.9999976e-01 2.4691462e-07]
 [9.9999964e-01 3.6533714e-07]
 [9.9999964e-01 3.0175647e-07]
 [9.9999928e-01 7.3381960e-07]
 [9.9999976e-01 2.7404639e-07]
 [9.9999928e-01 7.3370910e-07]
 [9.9999976e-01 2.4270830e-07]
 [9.9999964e-01 3.9572981e-07]
 [9.9999976e-01 2.7853565e-07]
 [9.9999964e-01 3.6049730e-07]
 [9.9999881e-01 1.2283747e-06]
 [9.9999952e-01 4.4539502e-07]
 [9.9999952e-01 4.3365989e-07]
 [9.9999976e-01 2.9589293e-07]
 [9.9999964e-01 3.5943995e-07]]	[[9.9999988e-01 6.1518861e-08]
 [9.9999988e-01 8.4136204e-08]
 [9.9999988e-01 1.3674587e-07]
 [9.9999988e-01 1.7650827e-07]
 [9.9999988e-01 1.1885039e-07]
 [9.9999988e-01 1.6555818e-07]
 [9.9999988e-01 1.4869410e-07]
 [9.9999988e-01 1.6627830e-07]
 [9.9999988e-01 1.3061604e-07]
 [9.9999988e-01 1.1161022e-07]
 [9.9999988e-01 1.4710591e-07]
 [9.9999976e-01 2.3012495e-07]
 [9.9999964e-01 3.1254726e-07]
 [9.9999976e-01 2.6123516e-07]
 [9.9999976e-01 2.1418870e-07]
 [9.9999976e-01 2.1861138e-07]
 [9.9999988e-01 1.6099547e-07]
 [9.9999988e-01 1.3596991e-07]
 [9.9999988e-01 9.7534752e-08]
 [9.9999988e-01 1.7035121e-07]
 [9.9999988e-01 1.1623271e-07]
 [9.9999988e-01 8.6462954e-08]
 [1.0000000e+00 5.9444332e-08]
 [9.9999988e-01 8.3769358e-08]
 [9.9999988e-01 1.0116642e-07]
 [9.9999988e-01 8.9633453e-08]
 [9.9999988e-01 1.0304730e-07]
 [9.9999988e-01 6.4397717e-08]
 [9.9999988e-01 1.0509034e-07]
 [9.9999988e-01 6.1867986e-08]
 [1.0000000e+00 4.7082853e-08]
 [1.0000000e+00 4.8711488e-08]
 [9.9999988e-01 8.4823114e-08]
 [1.0000000e+00 3.4761705e-08]
 [9.9999917e-01 8.3889893e-07]
 [9.9999952e-01 4.5267910e-07]
 [9.9999988e-01 1.5303162e-07]
 [9.9999988e-01 6.4431624e-08]
 [9.9999988e-01 1.6445053e-07]
 [9.9999952e-01 4.7495050e-07]]	[[1.0000000e+00 4.3367976e-08]
 [9.9999988e-01 7.5890497e-08]
 [9.9999988e-01 1.1714065e-07]
 [1.0000000e+00 3.7304897e-08]
 [1.0000000e+00 4.1106677e-08]
 [9.9999988e-01 7.9177475e-08]
 [9.9999976e-01 2.1482860e-07]
 [9.9999917e-01 8.2889778e-07]
 [9.9999928e-01 7.3080122e-07]
 [9.9999952e-01 4.5232611e-07]
 [9.9999976e-01 2.6668192e-07]
 [9.9999976e-01 1.8405625e-07]
 [9.9999964e-01 3.6818776e-07]
 [9.9999917e-01 8.7142638e-07]
 [9.9999940e-01 6.2110848e-07]
 [9.9999964e-01 4.1244036e-07]
 [9.9999964e-01 3.5214003e-07]
 [9.9999976e-01 2.2480654e-07]
 [9.9999952e-01 4.8762342e-07]
 [9.9999976e-01 2.5020023e-07]
 [9.9999964e-01 3.0116539e-07]
 [9.9999952e-01 5.1909967e-07]
 [9.9999905e-01 9.5825180e-07]
 [9.9999654e-01 3.4540019e-06]
 [9.9999964e-01 4.1135502e-07]
 [9.9999976e-01 1.9636680e-07]
 [9.9999928e-01 6.6684919e-07]
 [9.9999940e-01 6.0122102e-07]
 [9.9999940e-01 6.1161325e-07]
 [9.9999976e-01 2.3849447e-07]
 [9.9999976e-01 2.4169108e-07]
 [9.9999988e-01 1.3457061e-07]
 [9.9999988e-01 1.7674948e-07]
 [9.9999988e-01 9.2285951e-08]
 [9.9999976e-01 2.7826326e-07]
 [1.0000000e+00 1.9965665e-08]
 [1.0000000e+00 1.2027011e-08]
 [9.9999976e-01 1.9762420e-07]
 [9.9999988e-01 1.1370814e-07]
 [9.9999118e-01 8.8669385e-06]]	[[1.0000000e+00 2.6940732e-08]
 [1.0000000e+00 5.6666270e-08]
 [9.9999988e-01 7.8972960e-08]
 [1.0000000e+00 3.1692998e-08]
 [9.9999976e-01 1.8085812e-07]
 [9.9999976e-01 1.8014101e-07]
 [9.9998939e-01 1.0658579e-05]
 [9.9981350e-01 1.8654442e-04]
 [9.9993217e-01 6.7802954e-05]
 [9.9997222e-01 2.7805851e-05]
 [9.9998784e-01 1.2165914e-05]
 [9.9999571e-01 4.2936913e-06]
 [9.9999392e-01 6.1038068e-06]
 [9.9996293e-01 3.7114398e-05]
 [9.9997187e-01 2.8073840e-05]
 [9.9997211e-01 2.7883201e-05]
 [9.9999452e-01 5.5157066e-06]
 [9.9999177e-01 8.2481520e-06]
 [9.9982661e-01 1.7342437e-04]
 [9.9999940e-01 5.5090482e-07]
 [9.9999964e-01 3.6865225e-07]
 [9.9998140e-01 1.8598052e-05]
 [9.9975568e-01 2.4426865e-04]
 [9.9938762e-01 6.1232573e-04]
 [9.9996305e-01 3.6894824e-05]
 [9.9999189e-01 8.1558082e-06]
 [9.9998248e-01 1.7544002e-05]
 [9.9997246e-01 2.7508813e-05]
 [9.9997950e-01 2.0494730e-05]
 [9.9998891e-01 1.1071174e-05]
 [9.9998856e-01 1.1502483e-05]
 [9.9999762e-01 2.4364017e-06]
 [9.9979800e-01 2.0206545e-04]
 [9.9999952e-01 4.3532646e-07]
 [9.9999988e-01 1.6900457e-07]
 [1.0000000e+00 2.6980327e-08]
 [1.0000000e+00 1.4756167e-08]
 [9.9999976e-01 1.9175214e-07]
 [9.9999928e-01 7.3710493e-07]
 [9.9999607e-01 3.9447277e-06]]	[[1.00000000e+00 2.31190871e-08]
 [1.00000000e+00 3.96540933e-08]
 [1.00000000e+00 5.06731936e-08]
 [9.99999881e-01 1.44894599e-07]
 [9.99999523e-01 4.52800435e-07]
 [9.99988317e-01 1.16270412e-05]
 [9.99862909e-01 1.37081675e-04]
 [9.99984145e-01 1.59095307e-05]
 [9.99981284e-01 1.87009391e-05]
 [9.99992013e-01 7.98775636e-06]
 [9.99992132e-01 7.81679682e-06]
 [9.99983549e-01 1.63998975e-05]
 [9.99975920e-01 2.41193502e-05]
 [9.99989271e-01 1.07146107e-05]
 [9.99994159e-01 5.83804194e-06]
 [9.99989748e-01 1.02129761e-05]
 [9.99977469e-01 2.25224521e-05]
 [9.95362759e-01 4.63716825e-03]
 [9.69429791e-01 3.05701625e-02]
 [9.98612881e-01 1.38707599e-03]
 [9.99967098e-01 3.29477771e-05]
 [9.99991536e-01 8.51848472e-06]
 [9.99992847e-01 7.10190216e-06]
 [9.99994874e-01 5.08967014e-06]
 [9.99994755e-01 5.21736865e-06]
 [9.99992609e-01 7.39763755e-06]
 [9.99978304e-01 2.17245215e-05]
 [9.99974370e-01 2.56278308e-05]
 [9.99968410e-01 3.15374964e-05]
 [9.99961138e-01 3.88918561e-05]
 [9.99976397e-01 2.36528740e-05]
 [9.99896169e-01 1.03846280e-04]
 [9.99894142e-01 1.05798259e-04]
 [9.99990821e-01 9.12316227e-06]
 [9.99998569e-01 1.41331111e-06]
 [9.99999881e-01 1.13136906e-07]
 [1.00000000e+00 4.43192576e-08]
 [9.99999881e-01 1.19312489e-07]
 [9.99999642e-01 3.19943837e-07]
 [9.99999881e-01 1.05072310e-07]]	[[1.0000000e+00 2.8394526e-08]
 [1.0000000e+00 5.5027584e-08]
 [1.0000000e+00 2.9734739e-08]
 [1.0000000e+00 5.3500841e-08]
 [9.9998224e-01 1.7753611e-05]
 [9.9995506e-01 4.4999266e-05]
 [9.9999595e-01 4.0252316e-06]
 [9.9999499e-01 5.0104281e-06]
 [9.9999583e-01 4.2191459e-06]
 [9.9999571e-01 4.2860861e-06]
 [9.9999702e-01 3.0326464e-06]
 [9.9999726e-01 2.7149135e-06]
 [9.9999619e-01 3.8063570e-06]
 [9.9999654e-01 3.4570039e-06]
 [9.9999833e-01 1.6670999e-06]
 [9.9999905e-01 1.0000513e-06]
 [9.9996722e-01 3.2735465e-05]
 [3.9163730e-01 6.0836267e-01]
 [9.9937040e-01 6.2967767e-04]
 [9.9999809e-01 1.8954649e-06]
 [9.9999654e-01 3.4043396e-06]
 [9.9999678e-01 3.2044229e-06]
 [9.9999809e-01 1.9286645e-06]
 [9.9999547e-01 4.5011611e-06]
 [9.9637020e-01 3.6298248e-03]
 [9.9820912e-01 1.7908692e-03]
 [9.9999642e-01 3.6156741e-06]
 [9.9999774e-01 2.2761062e-06]
 [9.9999797e-01 1.9845779e-06]
 [9.9999845e-01 1.5684826e-06]
 [9.9999893e-01 1.0506806e-06]
 [9.9999797e-01 2.0574173e-06]
 [9.9998915e-01 1.0895241e-05]
 [9.9965596e-01 3.4403388e-04]
 [9.9999332e-01 6.6939674e-06]
 [9.9999976e-01 1.8506515e-07]
 [9.9999988e-01 1.6936197e-07]
 [9.9999988e-01 9.6068781e-08]
 [9.9999964e-01 3.8506928e-07]
 [9.9999964e-01 3.2331323e-07]]	[[1.0000000e+00 2.6230156e-08]
 [9.9999988e-01 6.1660650e-08]
 [1.0000000e+00 2.0464492e-08]
 [9.9999988e-01 1.2488432e-07]
 [9.9999785e-01 2.1056890e-06]
 [9.9999571e-01 4.2465795e-06]
 [9.9998868e-01 1.1288702e-05]
 [9.9999964e-01 3.3656110e-07]
 [9.9999976e-01 2.8639568e-07]
 [9.9999952e-01 5.0485750e-07]
 [9.9999952e-01 4.2726899e-07]
 [9.9999940e-01 5.8710333e-07]
 [9.9999964e-01 3.6510065e-07]
 [9.9999976e-01 2.2436532e-07]
 [9.9998260e-01 1.7459248e-05]
 [9.9958688e-01 4.1314491e-04]
 [9.9999106e-01 8.9682680e-06]
 [9.9991250e-01 8.7481058e-05]
 [9.9998105e-01 1.8953720e-05]
 [9.9999499e-01 5.0094441e-06]
 [9.9999928e-01 6.7182555e-07]
 [9.9999976e-01 2.6797372e-07]
 [9.9999964e-01 3.9490155e-07]
 [9.9999499e-01 4.9653004e-06]
 [9.1704684e-01 8.2953192e-02]
 [9.9642086e-01 3.5792040e-03]
 [9.9999893e-01 1.1207093e-06]
 [9.9999976e-01 2.2670071e-07]
 [9.9999917e-01 8.8412008e-07]
 [9.9999952e-01 4.5565426e-07]
 [9.9999952e-01 4.7207757e-07]
 [9.9999964e-01 3.7946430e-07]
 [9.9999928e-01 7.2319006e-07]
 [9.9994373e-01 5.6210098e-05]
 [9.9994171e-01 5.8250254e-05]
 [9.9999976e-01 2.4850047e-07]
 [1.0000000e+00 9.0317975e-09]
 [9.9999988e-01 1.1790255e-07]
 [9.9999964e-01 3.0897283e-07]
 [9.9999702e-01 2.9733067e-06]]	[[1.0000000e+00 2.8940368e-08]
 [1.0000000e+00 4.6352191e-08]
 [1.0000000e+00 3.1178505e-08]
 [9.9999988e-01 7.0026232e-08]
 [9.9989569e-01 1.0433185e-04]
 [9.9998641e-01 1.3611937e-05]
 [9.9999845e-01 1.5016607e-06]
 [9.9999952e-01 4.5434336e-07]
 [9.9999964e-01 3.9438103e-07]
 [9.9999952e-01 4.2082252e-07]
 [9.9999964e-01 3.9062999e-07]
 [9.9999952e-01 4.9168841e-07]
 [9.9999940e-01 5.4733226e-07]
 [9.9999952e-01 5.3078929e-07]
 [9.9973530e-01 2.6473537e-04]
 [9.3998469e-02 9.0600151e-01]
 [9.9999487e-01 5.1739394e-06]
 [9.9999177e-01 8.2154329e-06]
 [9.9999797e-01 1.9776592e-06]
 [9.9999893e-01 1.0508109e-06]
 [9.9999869e-01 1.3295127e-06]
 [9.9999893e-01 1.1217207e-06]
 [9.9999917e-01 8.0085249e-07]
 [9.9998915e-01 1.0879468e-05]
 [9.9992359e-01 7.6386910e-05]
 [9.9998093e-01 1.9098805e-05]
 [9.9999917e-01 7.7913347e-07]
 [9.9998653e-01 1.3418501e-05]
 [9.9996054e-01 3.9410592e-05]
 [9.9999952e-01 5.1605662e-07]
 [9.9999964e-01 3.8390473e-07]
 [9.9999952e-01 5.0401036e-07]
 [9.9999607e-01 3.9033089e-06]
 [9.9934298e-01 6.5697118e-04]
 [9.3913496e-01 6.0865022e-02]
 [9.9999535e-01 4.6941004e-06]
 [9.9999952e-01 5.2200727e-07]
 [9.9999940e-01 5.7487642e-07]
 [9.9999797e-01 2.0761775e-06]
 [1.0000000e+00 3.6833572e-09]]	[[1.00000000e+00 2.74750249e-08]
 [1.00000000e+00 2.90303710e-08]
 [9.99999881e-01 9.27084898e-08]
 [9.99988198e-01 1.17523205e-05]
 [9.99981523e-01 1.84274722e-05]
 [9.99722064e-01 2.77874584e-04]
 [9.99998808e-01 1.14337786e-06]
 [9.99999166e-01 8.27782344e-07]
 [9.99999523e-01 4.20676059e-07]
 [9.99999523e-01 5.25067378e-07]
 [9.99999404e-01 6.39531549e-07]
 [9.99998808e-01 1.23487007e-06]
 [9.99999166e-01 8.63255707e-07]
 [9.99999404e-01 6.26878432e-07]
 [9.99993563e-01 6.47578327e-06]
 [9.99948263e-01 5.17893241e-05]
 [9.99994993e-01 4.98969985e-06]
 [9.99998927e-01 1.07204937e-06]
 [9.99999285e-01 6.83128007e-07]
 [9.99998569e-01 1.45179990e-06]
 [9.99998569e-01 1.42275712e-06]
 [9.99998927e-01 1.03297953e-06]
 [9.99999046e-01 9.99246708e-07]
 [9.99998808e-01 1.17043874e-06]
 [9.99999046e-01 9.88302304e-07]
 [9.99999285e-01 7.70560348e-07]
 [9.99998927e-01 1.09689472e-06]
 [8.31433594e-01 1.68566450e-01]
 [9.68487501e-01 3.15125026e-02]
 [9.99997854e-01 2.19964545e-06]
 [9.99999166e-01 8.28071279e-07]
 [9.99999285e-01 7.49380547e-07]
 [9.99948502e-01 5.15130996e-05]
 [1.05459467e-02 9.89454031e-01]
 [4.95095225e-03 9.95049059e-01]
 [9.89617765e-01 1.03822136e-02]
 [9.99992132e-01 7.80968094e-06]
 [9.99997020e-01 2.98697410e-06]
 [9.99999642e-01 3.43108240e-07]
 [1.00000000e+00 2.97860936e-09]]	[[1.0000000e+00 2.0407272e-08]
 [1.0000000e+00 2.8190811e-08]
 [9.9999976e-01 1.9453992e-07]
 [9.9998713e-01 1.2855297e-05]
 [9.9998379e-01 1.6266767e-05]
 [9.9991167e-01 8.8345703e-05]
 [9.9999869e-01 1.3529655e-06]
 [9.9999928e-01 7.2503252e-07]
 [9.9999940e-01 5.8244723e-07]
 [9.9999857e-01 1.4076159e-06]
 [9.9999940e-01 6.3091301e-07]
 [9.9999762e-01 2.4158146e-06]
 [9.9999809e-01 1.8645701e-06]
 [9.9999893e-01 1.0576575e-06]
 [9.9999881e-01 1.1500882e-06]
 [9.9999583e-01 4.1514809e-06]
 [9.9999893e-01 1.1252952e-06]
 [9.9999928e-01 7.0827093e-07]
 [9.9999046e-01 9.4991501e-06]
 [9.9999154e-01 8.4438789e-06]
 [9.9999952e-01 4.2973559e-07]
 [9.9999928e-01 7.5891347e-07]
 [9.9999952e-01 5.3486764e-07]
 [9.9999940e-01 6.3479558e-07]
 [9.9999940e-01 5.8545669e-07]
 [9.9999952e-01 4.7288322e-07]
 [9.9999952e-01 4.2382024e-07]
 [9.9999905e-01 9.5038126e-07]
 [9.9999452e-01 5.4894472e-06]
 [9.9999797e-01 2.0458849e-06]
 [9.9999917e-01 7.9482180e-07]
 [9.9999917e-01 7.8891026e-07]
 [9.9999487e-01 5.1704124e-06]
 [6.6805357e-01 3.3194646e-01]
 [9.5346034e-01 4.6539601e-02]
 [9.9983191e-01 1.6806873e-04]
 [9.9999917e-01 7.9416714e-07]
 [9.9999988e-01 8.6283052e-08]
 [9.9999952e-01 5.0242619e-07]
 [1.0000000e+00 6.6569759e-09]]	[[1.0000000e+00 2.6221851e-08]
 [1.0000000e+00 3.2726621e-08]
 [9.9999952e-01 4.8898136e-07]
 [9.9999833e-01 1.7136339e-06]
 [9.9997997e-01 1.9993571e-05]
 [9.9998641e-01 1.3591196e-05]
 [9.9999821e-01 1.8453975e-06]
 [9.9999833e-01 1.6552799e-06]
 [9.9999332e-01 6.6561543e-06]
 [4.9027795e-01 5.0972199e-01]
 [9.9793917e-01 2.0608332e-03]
 [9.9998760e-01 1.2388601e-05]
 [9.9999917e-01 8.4059354e-07]
 [9.9999952e-01 4.6071023e-07]
 [9.9999952e-01 5.2162511e-07]
 [9.9999893e-01 1.0422535e-06]
 [9.9999952e-01 4.5638444e-07]
 [9.9999607e-01 3.9246975e-06]
 [1.2868196e-01 8.7131810e-01]
 [9.7699100e-01 2.3009004e-02]
 [9.9999452e-01 5.5168794e-06]
 [9.9999857e-01 1.3715116e-06]
 [9.9999928e-01 6.7111796e-07]
 [9.9999893e-01 1.1102268e-06]
 [9.9999893e-01 1.0799610e-06]
 [9.9999905e-01 9.2010686e-07]
 [9.9999928e-01 7.3299850e-07]
 [9.9999881e-01 1.1494895e-06]
 [9.9999702e-01 2.9824826e-06]
 [9.9999893e-01 1.0717938e-06]
 [9.9999893e-01 1.1169619e-06]
 [9.9999893e-01 1.0215508e-06]
 [9.9999857e-01 1.4572290e-06]
 [9.9998629e-01 1.3748282e-05]
 [9.9998999e-01 9.9917534e-06]
 [9.9999118e-01 8.8099932e-06]
 [9.9999762e-01 2.3356222e-06]
 [1.0000000e+00 3.5957150e-08]
 [9.9999976e-01 2.3255708e-07]
 [1.0000000e+00 4.4712944e-09]]	[[1.0000000e+00 3.1436169e-08]
 [1.0000000e+00 2.1642121e-08]
 [9.9999917e-01 8.8681981e-07]
 [9.9998808e-01 1.1878747e-05]
 [9.9998343e-01 1.6537539e-05]
 [9.9999559e-01 4.4067488e-06]
 [9.9999774e-01 2.2941199e-06]
 [9.9999821e-01 1.8430899e-06]
 [9.9999905e-01 9.4165978e-07]
 [9.9656469e-01 3.4353519e-03]
 [9.9981838e-01 1.8169910e-04]
 [9.9999106e-01 8.9386558e-06]
 [9.9999881e-01 1.2408683e-06]
 [9.9999928e-01 7.5931894e-07]
 [9.9999928e-01 7.5804621e-07]
 [9.9999893e-01 1.0212372e-06]
 [9.9999928e-01 6.9767464e-07]
 [9.9999678e-01 3.1700274e-06]
 [9.9865144e-01 1.3486282e-03]
 [9.9981207e-01 1.8799039e-04]
 [9.9999619e-01 3.7789696e-06]
 [9.9999881e-01 1.2171265e-06]
 [9.9999905e-01 9.2877656e-07]
 [9.9999332e-01 6.6377015e-06]
 [9.9998915e-01 1.0810927e-05]
 [9.9999762e-01 2.3721811e-06]
 [9.9999905e-01 9.7909844e-07]
 [9.9999928e-01 7.1321762e-07]
 [9.9999905e-01 9.3957055e-07]
 [9.9999917e-01 8.6737361e-07]
 [9.9999845e-01 1.5214888e-06]
 [9.9999917e-01 8.9104162e-07]
 [9.9999952e-01 4.7326355e-07]
 [9.9999881e-01 1.2314243e-06]
 [9.9999440e-01 5.6275999e-06]
 [9.9998295e-01 1.6997947e-05]
 [9.9999964e-01 3.5293516e-07]
 [9.9999988e-01 7.6591114e-08]
 [9.9999988e-01 1.1860242e-07]
 [1.0000000e+00 3.1309293e-09]]	[[1.0000000e+00 2.4827582e-08]
 [1.0000000e+00 5.8600921e-08]
 [9.9999869e-01 1.2640503e-06]
 [9.9698973e-01 3.0102606e-03]
 [9.9993551e-01 6.4502332e-05]
 [9.9999762e-01 2.3906907e-06]
 [9.9999917e-01 8.7094202e-07]
 [9.9999833e-01 1.6582694e-06]
 [9.9998438e-01 1.5625314e-05]
 [9.9994957e-01 5.0384486e-05]
 [9.9997878e-01 2.1207305e-05]
 [9.9998963e-01 1.0421282e-05]
 [9.9999642e-01 3.6152985e-06]
 [9.9999893e-01 1.0608082e-06]
 [9.9999940e-01 5.6560981e-07]
 [9.9999917e-01 8.0871007e-07]
 [9.9999869e-01 1.2687593e-06]
 [9.9999559e-01 4.4347303e-06]
 [9.9996376e-01 3.6212998e-05]
 [9.9998868e-01 1.1313113e-05]
 [9.9999583e-01 4.1304520e-06]
 [9.9999809e-01 1.8510093e-06]
 [9.9999821e-01 1.8178963e-06]
 [9.9999499e-01 4.9683417e-06]
 [9.9999619e-01 3.8732737e-06]
 [9.9999714e-01 2.9164516e-06]
 [9.9999678e-01 3.2534795e-06]
 [9.9999559e-01 4.4662443e-06]
 [9.9999678e-01 3.2216496e-06]
 [9.9999821e-01 1.7391245e-06]
 [9.9999821e-01 1.8170956e-06]
 [9.9999917e-01 8.1172197e-07]
 [9.9999928e-01 7.5248931e-07]
 [9.9999952e-01 4.9659644e-07]
 [9.9999762e-01 2.3764835e-06]
 [9.9999881e-01 1.1716695e-06]
 [9.9999952e-01 4.5396959e-07]
 [9.9999988e-01 1.1101299e-07]
 [9.9999928e-01 6.6424184e-07]
 [1.0000000e+00 3.3131959e-09]]	[[1.0000000e+00 1.9551543e-08]
 [9.9999988e-01 6.5415954e-08]
 [9.9985898e-01 1.4098574e-04]
 [9.9982762e-01 1.7232128e-04]
 [9.9971706e-01 2.8297241e-04]
 [9.9999833e-01 1.6179333e-06]
 [9.9999821e-01 1.7866906e-06]
 [9.9999630e-01 3.6468132e-06]
 [9.9999583e-01 4.2067672e-06]
 [9.9999523e-01 4.7096510e-06]
 [9.9999750e-01 2.5150914e-06]
 [9.9998260e-01 1.7463661e-05]
 [9.9996316e-01 3.6810201e-05]
 [9.9999785e-01 2.1333383e-06]
 [9.9999917e-01 8.1057868e-07]
 [9.9999905e-01 9.7225200e-07]
 [9.9999893e-01 1.0489284e-06]
 [9.9999869e-01 1.2628911e-06]
 [9.9999785e-01 2.0939899e-06]
 [9.9999797e-01 2.0358420e-06]
 [9.9999738e-01 2.6382047e-06]
 [9.9999869e-01 1.2828755e-06]
 [9.9999917e-01 7.9074215e-07]
 [9.9999893e-01 1.1171345e-06]
 [9.9999905e-01 9.9930105e-07]
 [9.9999750e-01 2.4919589e-06]
 [9.9997878e-01 2.1171314e-05]
 [9.9996495e-01 3.5015935e-05]
 [9.9999726e-01 2.6902483e-06]
 [9.9999893e-01 1.0599072e-06]
 [9.9999893e-01 1.0383229e-06]
 [9.9999928e-01 7.5117293e-07]
 [9.9999928e-01 6.6368335e-07]
 [9.9999952e-01 4.7710915e-07]
 [9.9999201e-01 7.9702158e-06]
 [9.9996197e-01 3.8082042e-05]
 [9.9999917e-01 8.7793194e-07]
 [9.9999917e-01 8.0670424e-07]
 [9.9999964e-01 3.3756533e-07]
 [1.0000000e+00 2.7891505e-09]]	[[1.0000000e+00 1.1400138e-08]
 [9.9999988e-01 1.1807865e-07]
 [9.9996841e-01 3.1535903e-05]
 [9.9998796e-01 1.2063104e-05]
 [9.9997199e-01 2.7980799e-05]
 [9.9999905e-01 9.8550322e-07]
 [9.9999928e-01 7.6285659e-07]
 [9.9999893e-01 1.0507637e-06]
 [9.9999917e-01 8.8666928e-07]
 [9.9999917e-01 7.7745011e-07]
 [9.9999952e-01 5.1762402e-07]
 [9.9999762e-01 2.3816747e-06]
 [9.9999237e-01 7.6636061e-06]
 [9.9999523e-01 4.7142253e-06]
 [9.9999774e-01 2.2719510e-06]
 [9.9999785e-01 2.0873385e-06]
 [9.9999797e-01 2.0555071e-06]
 [9.9999833e-01 1.6409831e-06]
 [9.9999785e-01 2.1707103e-06]
 [9.9999785e-01 2.0950326e-06]
 [9.9999702e-01 2.9918322e-06]
 [9.9999845e-01 1.4909610e-06]
 [9.9999881e-01 1.2388665e-06]
 [9.9999893e-01 1.1002556e-06]
 [9.9999893e-01 1.0997227e-06]
 [9.9999893e-01 1.1076199e-06]
 [9.9999857e-01 1.4055138e-06]
 [9.9999797e-01 2.0226360e-06]
 [9.9999893e-01 1.0742887e-06]
 [9.9999952e-01 5.1598965e-07]
 [9.9999952e-01 5.1056168e-07]
 [9.9999940e-01 6.2758312e-07]
 [9.9999952e-01 4.6532725e-07]
 [9.9999917e-01 8.4788473e-07]
 [9.9998963e-01 1.0354384e-05]
 [9.0138412e-01 9.8615900e-02]
 [9.9991572e-01 8.4309570e-05]
 [9.9999940e-01 6.3675520e-07]
 [1.0000000e+00 5.8695559e-08]
 [1.0000000e+00 4.7291095e-09]]	[[1.0000000e+00 5.3071911e-09]
 [9.9999976e-01 1.8046961e-07]
 [9.9999857e-01 1.4891891e-06]
 [9.9999642e-01 3.6082922e-06]
 [9.9998486e-01 1.5190694e-05]
 [9.9999917e-01 8.8726307e-07]
 [9.9999917e-01 7.7534952e-07]
 [9.9999928e-01 7.6990511e-07]
 [9.9999940e-01 5.4656863e-07]
 [9.9999952e-01 4.2274968e-07]
 [9.9999940e-01 6.4192744e-07]
 [9.9999905e-01 9.8094426e-07]
 [9.9999785e-01 2.0869445e-06]
 [9.9999690e-01 3.1376499e-06]
 [9.9999857e-01 1.4549601e-06]
 [9.9999940e-01 5.8928595e-07]
 [9.9999940e-01 6.2532598e-07]
 [9.9999917e-01 7.9371966e-07]
 [9.9999917e-01 7.9062147e-07]
 [9.9999905e-01 9.2704744e-07]
 [9.9999857e-01 1.4713218e-06]
 [9.9999857e-01 1.4233801e-06]
 [9.9999905e-01 9.4397325e-07]
 [9.9999940e-01 6.3966695e-07]
 [9.9999952e-01 4.6965627e-07]
 [9.9999917e-01 8.5769932e-07]
 [9.9999893e-01 1.0197909e-06]
 [9.9999893e-01 1.1281523e-06]
 [9.9999917e-01 8.0782212e-07]
 [9.9999905e-01 9.7551663e-07]
 [9.9999905e-01 9.2759132e-07]
 [9.9999917e-01 7.8491331e-07]
 [9.9999964e-01 4.1560224e-07]
 [9.9999917e-01 8.3792827e-07]
 [9.9998736e-01 1.2655732e-05]
 [7.4832880e-01 2.5167117e-01]
 [9.9987459e-01 1.2540362e-04]
 [9.9999928e-01 7.3719070e-07]
 [1.0000000e+00 3.9934854e-08]
 [1.0000000e+00 6.0852816e-09]]	[[1.00000000e+00 2.59806985e-08]
 [9.99999881e-01 7.25617681e-08]
 [9.99942541e-01 5.74026417e-05]
 [9.99993205e-01 6.84124961e-06]
 [9.99996066e-01 3.98782959e-06]
 [9.99999404e-01 5.61484399e-07]
 [9.99999046e-01 9.63990601e-07]
 [9.99999404e-01 6.24107031e-07]
 [9.99999166e-01 8.91854370e-07]
 [9.99999523e-01 5.17415742e-07]
 [9.99999166e-01 7.89831688e-07]
 [9.99998450e-01 1.49496339e-06]
 [9.99999046e-01 9.19408649e-07]
 [9.99999046e-01 9.00493944e-07]
 [9.99998689e-01 1.33156061e-06]
 [9.99999046e-01 8.96062375e-07]
 [9.99999046e-01 9.73941951e-07]
 [9.99999285e-01 7.29201417e-07]
 [9.99999404e-01 6.51148355e-07]
 [9.99999523e-01 5.18603372e-07]
 [9.99999166e-01 7.99138945e-07]
 [9.99999404e-01 6.15017427e-07]
 [9.99998093e-01 1.85043393e-06]
 [9.99991059e-01 8.99276256e-06]
 [9.99477923e-01 5.22123068e-04]
 [9.99994874e-01 5.10036034e-06]
 [9.99999166e-01 8.38742153e-07]
 [9.99999285e-01 7.38723543e-07]
 [9.99998927e-01 1.01842147e-06]
 [9.99998450e-01 1.53542817e-06]
 [9.99998927e-01 1.06570076e-06]
 [9.99999285e-01 7.36994593e-07]
 [9.99999404e-01 5.97368853e-07]
 [9.99999285e-01 6.68317966e-07]
 [9.99997973e-01 1.99066267e-06]
 [9.99960780e-01 3.92135080e-05]
 [9.99969602e-01 3.04000096e-05]
 [9.99996781e-01 3.22907817e-06]
 [9.99999881e-01 1.11188875e-07]
 [1.00000000e+00 4.63633976e-09]]	[[1.0000000e+00 2.0163366e-08]
 [9.9999571e-01 4.2692664e-06]
 [9.9998975e-01 1.0303311e-05]
 [9.9995577e-01 4.4197161e-05]
 [9.9999726e-01 2.7731405e-06]
 [9.9999762e-01 2.4101676e-06]
 [9.9999785e-01 2.2045638e-06]
 [9.9999905e-01 9.9564056e-07]
 [9.9999893e-01 1.1064966e-06]
 [9.9999917e-01 8.1922673e-07]
 [9.9999905e-01 9.5021448e-07]
 [9.9999893e-01 1.0190073e-06]
 [9.9999917e-01 8.6302606e-07]
 [9.9999917e-01 8.5546759e-07]
 [9.9999857e-01 1.4040817e-06]
 [9.9999928e-01 7.3303625e-07]
 [9.9999952e-01 5.2471751e-07]
 [9.9999940e-01 5.4237671e-07]
 [9.9999928e-01 6.6407398e-07]
 [9.9999952e-01 4.6141815e-07]
 [9.9999976e-01 2.3667437e-07]
 [9.9998438e-01 1.5622989e-05]
 [9.9961191e-01 3.8814789e-04]
 [9.9999237e-01 7.6683145e-06]
 [7.6855654e-01 2.3144345e-01]
 [9.2486137e-01 7.5138621e-02]
 [9.9588984e-01 4.1102068e-03]
 [9.9999821e-01 1.7962924e-06]
 [9.9999964e-01 3.8658783e-07]
 [9.9999928e-01 7.3460666e-07]
 [9.9999917e-01 8.0763260e-07]
 [9.9999952e-01 4.9852292e-07]
 [9.9999940e-01 5.5541943e-07]
 [9.9999976e-01 2.9787597e-07]
 [9.9999869e-01 1.3050739e-06]
 [9.9992633e-01 7.3656069e-05]
 [9.9905306e-01 9.4692636e-04]
 [9.9999094e-01 9.0262620e-06]
 [9.9999964e-01 3.5721536e-07]
 [1.0000000e+00 1.6201586e-09]]	[[1.00000000e+00 1.63837282e-08]
 [9.99873400e-01 1.26615632e-04]
 [9.99984145e-01 1.58476869e-05]
 [9.99847531e-01 1.52443405e-04]
 [9.99998689e-01 1.31963691e-06]
 [9.99999046e-01 9.77765012e-07]
 [9.99999046e-01 9.43703242e-07]
 [9.99999404e-01 5.59242039e-07]
 [9.99999404e-01 6.43356032e-07]
 [9.99998212e-01 1.73188505e-06]
 [9.99998093e-01 1.89930108e-06]
 [9.99997616e-01 2.36859364e-06]
 [9.99998927e-01 1.05205015e-06]
 [9.99999285e-01 6.66462654e-07]
 [9.99997854e-01 2.08849156e-06]
 [9.99997973e-01 1.98321959e-06]
 [9.99999046e-01 9.43550219e-07]
 [9.99998927e-01 1.10875703e-06]
 [9.99998450e-01 1.53257542e-06]
 [9.99998689e-01 1.29415969e-06]
 [9.99985695e-01 1.43431935e-05]
 [5.80315739e-02 9.41968381e-01]
 [4.39920835e-02 9.56007898e-01]
 [9.99994397e-01 5.56955229e-06]
 [9.99808729e-01 1.91301398e-04]
 [9.80878115e-01 1.91218667e-02]
 [7.73006260e-01 2.26993725e-01]
 [9.99988556e-01 1.14478862e-05]
 [9.99999404e-01 5.55814722e-07]
 [9.99999166e-01 8.68662482e-07]
 [9.99999404e-01 5.58126374e-07]
 [9.99999523e-01 4.34366427e-07]
 [9.99999285e-01 7.14836915e-07]
 [9.99999642e-01 3.21164833e-07]
 [9.99999285e-01 6.82750908e-07]
 [9.99794066e-01 2.05918026e-04]
 [6.50163591e-02 9.34983671e-01]
 [9.99997139e-01 2.81068219e-06]
 [9.99998689e-01 1.28376769e-06]
 [1.00000000e+00 6.72777833e-10]]	[[1.00000000e+00 5.11633473e-08]
 [9.99999046e-01 9.08828952e-07]
 [9.99996662e-01 3.32120635e-06]
 [9.99965787e-01 3.42254752e-05]
 [9.99999285e-01 7.23065966e-07]
 [9.99999166e-01 8.78717685e-07]
 [9.99999404e-01 5.49472361e-07]
 [9.99999523e-01 4.90694845e-07]
 [9.99999523e-01 5.35897982e-07]
 [9.99999046e-01 1.00870830e-06]
 [9.99998808e-01 1.14789668e-06]
 [9.99997854e-01 2.10892449e-06]
 [9.99998569e-01 1.43907937e-06]
 [9.99998331e-01 1.64417554e-06]
 [9.99998569e-01 1.41774433e-06]
 [9.99998689e-01 1.36446170e-06]
 [9.99999166e-01 8.37840389e-07]
 [9.99998927e-01 1.01669900e-06]
 [9.99998689e-01 1.27022668e-06]
 [9.99997616e-01 2.38389248e-06]
 [9.99997854e-01 2.18808987e-06]
 [9.99852300e-01 1.47693048e-04]
 [9.99811590e-01 1.88392849e-04]
 [9.99988794e-01 1.12454863e-05]
 [9.99948382e-01 5.15720749e-05]
 [2.51750350e-01 7.48249650e-01]
 [9.99881625e-01 1.18405733e-04]
 [9.99997735e-01 2.25814392e-06]
 [9.99999642e-01 3.97510206e-07]
 [9.99999523e-01 4.48091015e-07]
 [9.99999523e-01 4.76265399e-07]
 [9.99999285e-01 7.49141179e-07]
 [9.99999285e-01 7.54741734e-07]
 [9.99999285e-01 6.70234670e-07]
 [9.99999404e-01 5.68027701e-07]
 [9.99993324e-01 6.64387608e-06]
 [9.58709478e-01 4.12905514e-02]
 [9.99988198e-01 1.18417165e-05]
 [9.99999881e-01 9.02379540e-08]
 [1.00000000e+00 1.94011918e-09]]	[[9.9999905e-01 9.4217626e-07]
 [9.9998665e-01 1.3347311e-05]
 [9.9996138e-01 3.8636634e-05]
 [9.9998629e-01 1.3715058e-05]
 [9.9999785e-01 2.1581541e-06]
 [9.9999869e-01 1.3468607e-06]
 [9.9999952e-01 4.4926557e-07]
 [9.9999964e-01 4.1141581e-07]
 [9.9999940e-01 6.1130771e-07]
 [9.9999940e-01 6.0309424e-07]
 [9.9999809e-01 1.8892370e-06]
 [9.9999857e-01 1.4521945e-06]
 [9.9999893e-01 1.1119349e-06]
 [9.9999583e-01 4.2162255e-06]
 [9.9999678e-01 3.1745442e-06]
 [9.9999893e-01 1.0464277e-06]
 [9.9999917e-01 8.0450235e-07]
 [9.9999857e-01 1.4129903e-06]
 [9.9999893e-01 1.1159536e-06]
 [9.9999893e-01 1.0569094e-06]
 [9.9999833e-01 1.6989383e-06]
 [9.9999774e-01 2.2712145e-06]
 [9.9999416e-01 5.9003223e-06]
 [9.9999738e-01 2.6333832e-06]
 [9.9999893e-01 1.0525901e-06]
 [9.9896777e-01 1.0321842e-03]
 [9.9999678e-01 3.2377400e-06]
 [9.9999940e-01 5.8277948e-07]
 [9.9999952e-01 4.3483891e-07]
 [9.9999952e-01 4.4409458e-07]
 [9.9999952e-01 5.1342442e-07]
 [9.9999940e-01 6.1539993e-07]
 [9.9999964e-01 3.4294533e-07]
 [9.9999976e-01 2.2216840e-07]
 [9.9999881e-01 1.2380267e-06]
 [9.9995995e-01 4.0094121e-05]
 [9.9998331e-01 1.6652404e-05]
 [9.9999857e-01 1.4859645e-06]
 [9.9999988e-01 1.3752035e-07]
 [1.0000000e+00 1.3748116e-09]]	[[9.9999988e-01 1.6469521e-07]
 [9.9998033e-01 1.9673396e-05]
 [9.9999440e-01 5.5885635e-06]
 [9.9999571e-01 4.3423120e-06]
 [9.9999869e-01 1.3147704e-06]
 [9.9999857e-01 1.4857123e-06]
 [9.9999928e-01 7.1840572e-07]
 [9.9999952e-01 4.5893597e-07]
 [9.9999964e-01 3.9572265e-07]
 [9.9999154e-01 8.4307312e-06]
 [9.9999726e-01 2.6994487e-06]
 [9.9999845e-01 1.5797609e-06]
 [9.9999928e-01 6.7127098e-07]
 [9.9999869e-01 1.3351006e-06]
 [9.9999893e-01 1.0531041e-06]
 [9.9999928e-01 7.4388078e-07]
 [9.9999905e-01 9.9790111e-07]
 [9.9999857e-01 1.4135712e-06]
 [9.9999845e-01 1.5057332e-06]
 [9.9999928e-01 6.8223477e-07]
 [9.9999940e-01 5.5807209e-07]
 [9.9999928e-01 6.9879201e-07]
 [9.9999905e-01 9.1543740e-07]
 [9.9999857e-01 1.4511340e-06]
 [9.9999464e-01 5.4204302e-06]
 [9.9999559e-01 4.4058579e-06]
 [9.9999762e-01 2.3918583e-06]
 [9.9999952e-01 5.1430800e-07]
 [9.9999952e-01 4.3074044e-07]
 [9.9999917e-01 8.0769189e-07]
 [9.9999952e-01 5.0505787e-07]
 [9.9999940e-01 5.4212126e-07]
 [9.9999964e-01 3.4163307e-07]
 [9.9999940e-01 6.1243742e-07]
 [9.9967647e-01 3.2357223e-04]
 [9.8981464e-01 1.0185324e-02]
 [9.9999774e-01 2.2569639e-06]
 [9.9999106e-01 8.9906698e-06]
 [9.9999964e-01 3.4361383e-07]
 [1.0000000e+00 9.6765556e-09]]	[[9.9997771e-01 2.2319795e-05]
 [9.9999785e-01 2.1441424e-06]
 [9.9998450e-01 1.5535346e-05]
 [9.9999630e-01 3.6408812e-06]
 [9.9999666e-01 3.3123306e-06]
 [9.9999535e-01 4.5997363e-06]
 [9.9999452e-01 5.4795146e-06]
 [9.9999678e-01 3.2471125e-06]
 [9.9999774e-01 2.3113414e-06]
 [8.9443463e-01 1.0556543e-01]
 [4.6541569e-01 5.3458428e-01]
 [9.9998939e-01 1.0593904e-05]
 [9.9999881e-01 1.1534274e-06]
 [9.9999893e-01 1.0160981e-06]
 [9.9999940e-01 5.8755927e-07]
 [9.9999952e-01 4.8326518e-07]
 [9.9999893e-01 1.0478007e-06]
 [9.9999678e-01 3.1700122e-06]
 [9.9999726e-01 2.7261060e-06]
 [9.9999928e-01 7.3210009e-07]
 [9.9999917e-01 8.3083751e-07]
 [9.9999774e-01 2.2199861e-06]
 [9.9999774e-01 2.2745483e-06]
 [9.9999774e-01 2.2723498e-06]
 [9.9999869e-01 1.2650042e-06]
 [9.9999928e-01 6.8506438e-07]
 [9.9999928e-01 6.6422660e-07]
 [9.9999952e-01 4.7311869e-07]
 [9.9999940e-01 5.9300567e-07]
 [9.9999952e-01 4.8270692e-07]
 [9.9999976e-01 2.2184827e-07]
 [9.9999976e-01 2.3461318e-07]
 [9.9999964e-01 3.0914791e-07]
 [9.9999881e-01 1.1363695e-06]
 [9.9984062e-01 1.5937473e-04]
 [3.9171326e-01 6.0828680e-01]
 [9.9997091e-01 2.9081222e-05]
 [9.9999928e-01 7.1423864e-07]
 [9.9999964e-01 3.9752993e-07]
 [9.9999821e-01 1.7494447e-06]]	[[9.99956608e-01 4.34151079e-05]
 [9.99929786e-01 7.01777317e-05]
 [9.99461830e-01 5.38213295e-04]
 [9.99725163e-01 2.74849270e-04]
 [9.97602880e-01 2.39713234e-03]
 [9.97078061e-01 2.92197289e-03]
 [9.98829544e-01 1.17048435e-03]
 [9.98814583e-01 1.18548935e-03]
 [9.99877095e-01 1.22859768e-04]
 [9.97954726e-01 2.04520486e-03]
 [9.97624695e-01 2.37535127e-03]
 [9.99758780e-01 2.41212794e-04]
 [9.99853373e-01 1.46553910e-04]
 [9.99849558e-01 1.50386753e-04]
 [9.99927998e-01 7.20519820e-05]
 [9.99985099e-01 1.48736017e-05]
 [9.99919176e-01 8.07731485e-05]
 [9.97479975e-01 2.52003851e-03]
 [9.99986768e-01 1.31928191e-05]
 [9.99999285e-01 6.97462440e-07]
 [9.99993324e-01 6.64202616e-06]
 [9.97198105e-01 2.80183670e-03]
 [9.96092260e-01 3.90767120e-03]
 [9.99787390e-01 2.12629093e-04]
 [9.99812067e-01 1.87955244e-04]
 [9.99892235e-01 1.07810374e-04]
 [9.99945164e-01 5.48477219e-05]
 [9.99964714e-01 3.52857824e-05]
 [9.99977231e-01 2.28147674e-05]
 [9.99987721e-01 1.22754418e-05]
 [9.99993682e-01 6.29073611e-06]
 [9.99990821e-01 9.18575824e-06]
 [9.99984384e-01 1.55870930e-05]
 [9.99950290e-01 4.97492983e-05]
 [9.99773324e-01 2.26667005e-04]
 [9.99285638e-01 7.14443042e-04]
 [9.99980807e-01 1.91696417e-05]
 [9.99965906e-01 3.41295563e-05]
 [9.99999285e-01 7.64310812e-07]
 [9.99997616e-01 2.41174007e-06]]	[[9.99973774e-01 2.62234043e-05]
 [9.99946952e-01 5.30214493e-05]
 [9.99872565e-01 1.27394087e-04]
 [9.99943137e-01 5.68959222e-05]
 [9.99827087e-01 1.72946966e-04]
 [9.99886036e-01 1.14004484e-04]
 [9.99991894e-01 8.05682430e-06]
 [9.99993205e-01 6.74956982e-06]
 [9.99987364e-01 1.26549112e-05]
 [9.99929786e-01 7.02621765e-05]
 [9.99950767e-01 4.92122745e-05]
 [9.99985933e-01 1.40288403e-05]
 [9.99986410e-01 1.35405971e-05]
 [9.99987245e-01 1.27355661e-05]
 [9.99987483e-01 1.24984163e-05]
 [9.99994993e-01 4.95128006e-06]
 [9.99992013e-01 7.99736790e-06]
 [9.99975801e-01 2.42098449e-05]
 [9.99430478e-01 5.69466618e-04]
 [9.97584939e-01 2.41511338e-03]
 [9.95729029e-01 4.27099923e-03]
 [9.96281564e-01 3.71842505e-03]
 [9.99666572e-01 3.33389995e-04]
 [9.99995589e-01 4.36359096e-06]
 [9.99996662e-01 3.29765862e-06]
 [9.99989152e-01 1.09063649e-05]
 [9.99993086e-01 6.93513948e-06]
 [9.99991417e-01 8.56802035e-06]
 [9.99991536e-01 8.51532513e-06]
 [9.99988675e-01 1.13042470e-05]
 [9.99987602e-01 1.23475893e-05]
 [9.99991059e-01 8.94365257e-06]
 [9.99981999e-01 1.80488405e-05]
 [9.99983072e-01 1.69362975e-05]
 [9.99976397e-01 2.35607949e-05]
 [9.99930620e-01 6.93719630e-05]
 [9.99599278e-01 4.00696241e-04]
 [9.97354031e-01 2.64593028e-03]
 [9.99995470e-01 4.48486571e-06]
 [9.99999642e-01 3.17265773e-07]]	[[9.99999523e-01 5.10688778e-07]
 [9.99998331e-01 1.68122972e-06]
 [9.99999404e-01 5.94937831e-07]
 [9.99998927e-01 1.06924347e-06]
 [9.99993920e-01 6.08785513e-06]
 [9.99997258e-01 2.75203479e-06]
 [9.99686718e-01 3.13262368e-04]
 [9.96876359e-01 3.12365894e-03]
 [9.99996185e-01 3.76145204e-06]
 [9.99998689e-01 1.31236777e-06]
 [9.99985456e-01 1.44859769e-05]
 [9.99501467e-01 4.98570153e-04]
 [9.98424768e-01 1.57522783e-03]
 [9.99183953e-01 8.15989275e-04]
 [9.98943627e-01 1.05637475e-03]
 [9.98466790e-01 1.53318117e-03]
 [9.99659538e-01 3.40442959e-04]
 [9.99993920e-01 6.05569448e-06]
 [9.99646544e-01 3.53495561e-04]
 [9.99947906e-01 5.20448884e-05]
 [9.99793828e-01 2.06202531e-04]
 [9.97889698e-01 2.11027404e-03]
 [9.99494076e-01 5.05926961e-04]
 [9.99479949e-01 5.20071422e-04]
 [9.99993086e-01 6.91579453e-06]
 [9.99998093e-01 1.89387129e-06]
 [9.99997139e-01 2.84729504e-06]
 [9.99998569e-01 1.45107310e-06]
 [9.99975443e-01 2.45728461e-05]
 [9.99931335e-01 6.86548228e-05]
 [9.99988556e-01 1.14226605e-05]
 [9.99990463e-01 9.55834548e-06]
 [9.99996901e-01 3.04141918e-06]
 [9.99990463e-01 9.49989317e-06]
 [9.99997735e-01 2.30392925e-06]
 [9.99979019e-01 2.09355876e-05]
 [9.99941945e-01 5.80735468e-05]
 [9.99999523e-01 5.29086606e-07]
 [9.99996543e-01 3.49751735e-06]
 [9.99999881e-01 8.70728059e-08]]	[[9.9999797e-01 2.0425514e-06]
 [9.9999714e-01 2.8543584e-06]
 [9.9999917e-01 8.7547050e-07]
 [9.9999833e-01 1.6696439e-06]
 [9.9999595e-01 3.9985257e-06]
 [9.9999571e-01 4.2462552e-06]
 [9.9999237e-01 7.6862380e-06]
 [9.9998093e-01 1.9108462e-05]
 [9.9997115e-01 2.8862127e-05]
 [9.9998617e-01 1.3799918e-05]
 [9.9994743e-01 5.2610165e-05]
 [9.9716240e-01 2.8375660e-03]
 [9.9850273e-01 1.4973028e-03]
 [9.9974543e-01 2.5458034e-04]
 [9.9991226e-01 8.7681074e-05]
 [9.9986863e-01 1.3140643e-04]
 [9.9999607e-01 3.9538877e-06]
 [9.9997962e-01 2.0401440e-05]
 [9.9999845e-01 1.4955139e-06]
 [9.9874532e-01 1.2546274e-03]
 [9.9997675e-01 2.3210487e-05]
 [9.9971336e-01 2.8663751e-04]
 [9.9998200e-01 1.7994755e-05]
 [9.9959320e-01 4.0679483e-04]
 [9.9979490e-01 2.0515179e-04]
 [9.9990678e-01 9.3264149e-05]
 [9.9999940e-01 5.5522770e-07]
 [9.9999928e-01 6.8879194e-07]
 [9.9982053e-01 1.7949651e-04]
 [9.9993551e-01 6.4540734e-05]
 [9.9999249e-01 7.5326579e-06]
 [9.9999547e-01 4.5255488e-06]
 [9.9996340e-01 3.6603149e-05]
 [9.9993324e-01 6.6700421e-05]
 [9.9998546e-01 1.4527911e-05]
 [9.9997985e-01 2.0168973e-05]
 [9.9999821e-01 1.8020335e-06]
 [9.9999940e-01 6.0527805e-07]
 [9.9999261e-01 7.3378569e-06]
 [9.9999952e-01 4.8075486e-07]]	[[9.99962211e-01 3.77463621e-05]
 [9.99995112e-01 4.89449712e-06]
 [9.99993920e-01 6.03910803e-06]
 [9.99993563e-01 6.47414709e-06]
 [9.99996066e-01 3.92851689e-06]
 [9.99994159e-01 5.80060350e-06]
 [9.99983549e-01 1.64979410e-05]
 [9.99996305e-01 3.71470310e-06]
 [9.99993801e-01 6.17308251e-06]
 [9.99969006e-01 3.09854804e-05]
 [9.99844432e-01 1.55535017e-04]
 [9.99878764e-01 1.21162906e-04]
 [9.99988675e-01 1.13566439e-05]
 [9.99997020e-01 2.96327130e-06]
 [9.99998331e-01 1.72292187e-06]
 [9.99998569e-01 1.37431232e-06]
 [9.99999642e-01 3.20370390e-07]
 [9.99999523e-01 4.55109216e-07]
 [9.99996305e-01 3.69670056e-06]
 [9.99703944e-01 2.95971171e-04]
 [9.99989152e-01 1.08302456e-05]
 [9.99991417e-01 8.56427869e-06]
 [9.99965906e-01 3.41081432e-05]
 [9.99890447e-01 1.09516615e-04]
 [9.99940157e-01 5.98855331e-05]
 [9.99953747e-01 4.62132521e-05]
 [9.99985695e-01 1.43150019e-05]
 [9.99974132e-01 2.58244418e-05]
 [9.99984860e-01 1.51983450e-05]
 [9.99967456e-01 3.25622932e-05]
 [9.99985576e-01 1.44684591e-05]
 [9.99989510e-01 1.04586670e-05]
 [9.99995470e-01 4.57375336e-06]
 [9.99996305e-01 3.74623778e-06]
 [9.99998331e-01 1.72637749e-06]
 [9.99999523e-01 5.08354958e-07]
 [9.99999046e-01 9.51844299e-07]
 [9.99795854e-01 2.04134209e-04]
 [9.99394774e-01 6.05178415e-04]
 [9.98396337e-01 1.60370965e-03]]	[[9.99994040e-01 5.96316386e-06]
 [9.99998927e-01 1.08959853e-06]
 [9.99999642e-01 3.78348091e-07]
 [9.99999166e-01 8.05363641e-07]
 [9.99999285e-01 7.07043966e-07]
 [9.99998927e-01 1.05900392e-06]
 [9.99998450e-01 1.54559609e-06]
 [9.99997020e-01 2.96900816e-06]
 [9.99998331e-01 1.67458734e-06]
 [9.99997735e-01 2.30192859e-06]
 [9.99997377e-01 2.66776556e-06]
 [9.99994159e-01 5.79509651e-06]
 [9.99997377e-01 2.59137505e-06]
 [9.99999881e-01 1.74732932e-07]
 [9.99999881e-01 9.60751976e-08]
 [9.99999285e-01 7.08502000e-07]
 [9.99999642e-01 4.01238935e-07]
 [9.99999881e-01 1.09299606e-07]
 [9.99999881e-01 1.18080450e-07]
 [9.99999881e-01 1.71052051e-07]
 [9.99999404e-01 5.85072144e-07]
 [9.99999762e-01 1.88579392e-07]
 [9.99999166e-01 7.87982401e-07]
 [9.99997377e-01 2.62228650e-06]
 [9.99999285e-01 7.73669171e-07]
 [9.99998689e-01 1.34793891e-06]
 [9.99999762e-01 2.09017813e-07]
 [9.99999881e-01 8.86162397e-08]
 [9.99999523e-01 5.28949897e-07]
 [9.99999881e-01 1.44125579e-07]
 [9.99999762e-01 2.28049018e-07]
 [9.99999762e-01 1.90141279e-07]
 [9.99999762e-01 2.57315349e-07]
 [9.99999762e-01 1.95994488e-07]
 [9.99999762e-01 1.94943496e-07]
 [9.99999881e-01 1.34584738e-07]
 [9.99999404e-01 5.93863035e-07]
 [9.99999285e-01 7.49395554e-07]
 [9.99998689e-01 1.32445950e-06]
 [9.99999881e-01 1.37557720e-07]]	[[1.0000000e+00 5.6008759e-08]
 [9.9999988e-01 1.7268835e-07]
 [9.9999893e-01 1.0462929e-06]
 [9.9999881e-01 1.1912017e-06]
 [9.9999988e-01 9.0552092e-08]
 [1.0000000e+00 3.9294953e-08]
 [1.0000000e+00 4.1182798e-08]
 [9.9999988e-01 1.0031138e-07]
 [9.9999988e-01 7.1293194e-08]
 [1.0000000e+00 5.4223875e-08]
 [9.9999988e-01 6.7450010e-08]
 [9.9999988e-01 6.6132415e-08]
 [9.9999988e-01 9.5908220e-08]
 [9.9999988e-01 7.8008838e-08]
 [1.0000000e+00 3.3690785e-08]
 [1.0000000e+00 1.9162632e-08]
 [9.9999952e-01 5.0894528e-07]
 [9.9999976e-01 2.3609411e-07]
 [9.9999988e-01 1.5692653e-07]
 [1.0000000e+00 2.9118102e-08]
 [1.0000000e+00 5.8472970e-08]
 [9.9999988e-01 1.3480748e-07]
 [9.9999976e-01 1.9595787e-07]
 [9.9999976e-01 2.6435083e-07]
 [9.9999988e-01 1.3027430e-07]
 [1.0000000e+00 5.6220681e-08]
 [1.0000000e+00 4.9668635e-08]
 [1.0000000e+00 1.0795575e-08]
 [9.9999988e-01 1.2666383e-07]
 [9.9999964e-01 3.2791991e-07]
 [9.9999988e-01 1.6630446e-07]
 [9.9999964e-01 3.1548353e-07]
 [9.9999976e-01 2.8884099e-07]
 [9.9999976e-01 2.2053366e-07]
 [9.9999952e-01 4.1757912e-07]
 [9.9999976e-01 2.1589352e-07]
 [9.9999976e-01 2.4435170e-07]
 [9.9999976e-01 2.5029712e-07]
 [9.9999988e-01 1.7356639e-07]
 [1.0000000e+00 4.4157225e-09]]	[[1.00000000e+00 3.52318281e-08]
 [9.99999642e-01 3.48506092e-07]
 [9.99965787e-01 3.42166968e-05]
 [9.99995232e-01 4.77043204e-06]
 [1.00000000e+00 1.32134224e-08]
 [9.99999881e-01 7.52673159e-08]
 [9.99995828e-01 4.12847476e-06]
 [9.99999881e-01 1.20537251e-07]
 [9.99999881e-01 1.08355366e-07]
 [9.99999881e-01 8.17037673e-08]
 [9.99999881e-01 7.10836829e-08]
 [9.99999881e-01 6.20753156e-08]
 [1.00000000e+00 2.03182537e-08]
 [1.00000000e+00 4.14466257e-08]
 [1.00000000e+00 3.67514126e-08]
 [1.00000000e+00 3.01189473e-08]
 [1.00000000e+00 6.27215346e-09]
 [9.99999523e-01 4.97053179e-07]
 [9.99999881e-01 1.05700458e-07]
 [9.99999881e-01 1.56475508e-07]
 [1.00000000e+00 5.62938602e-08]
 [1.00000000e+00 4.39590195e-08]
 [9.99999881e-01 8.89201530e-08]
 [9.99999881e-01 6.58860202e-08]
 [1.00000000e+00 4.28328910e-08]
 [9.99999881e-01 8.86671288e-08]
 [1.00000000e+00 3.54286627e-08]
 [1.00000000e+00 6.51115695e-09]
 [1.00000000e+00 4.77350781e-08]
 [9.99999762e-01 2.85560304e-07]
 [9.99999881e-01 1.12988538e-07]
 [9.99999762e-01 2.35161551e-07]
 [9.99999881e-01 1.63967258e-07]
 [9.99999881e-01 1.06607125e-07]
 [9.99999881e-01 8.28790547e-08]
 [9.99999881e-01 9.88573987e-08]
 [9.99999881e-01 1.13283740e-07]
 [9.99999881e-01 9.19587819e-08]
 [9.99999881e-01 8.18040391e-08]
 [1.00000000e+00 3.52959106e-09]]	[[1.00000000e+00 2.04363690e-08]
 [9.99999881e-01 9.34006863e-08]
 [9.99998927e-01 1.09885264e-06]
 [1.00000000e+00 5.53685915e-08]
 [1.00000000e+00 2.12719939e-08]
 [9.99999881e-01 9.30885591e-08]
 [9.99998927e-01 1.05506842e-06]
 [9.99999881e-01 1.16006909e-07]
 [9.99999881e-01 7.16589668e-08]
 [1.00000000e+00 2.09694591e-08]
 [9.99999881e-01 1.02648883e-07]
 [9.99999881e-01 1.09062412e-07]
 [1.00000000e+00 1.34606513e-08]
 [1.00000000e+00 2.08877875e-08]
 [1.00000000e+00 3.04083692e-08]
 [9.99999881e-01 6.18002929e-08]
 [1.00000000e+00 5.56122330e-08]
 [9.99999881e-01 1.47733090e-07]
 [9.99999881e-01 1.36751609e-07]
 [9.99999881e-01 1.14994201e-07]
 [9.99999762e-01 2.21781207e-07]
 [9.99999881e-01 9.88568374e-08]
 [1.00000000e+00 2.52500350e-08]
 [9.99999881e-01 6.36104431e-08]
 [9.99999881e-01 6.73726035e-08]
 [9.99999881e-01 7.19833579e-08]
 [1.00000000e+00 3.64378785e-08]
 [1.00000000e+00 1.37211389e-08]
 [1.00000000e+00 1.93004066e-08]
 [9.99997735e-01 2.21797995e-06]
 [9.99999762e-01 2.87770604e-07]
 [9.99999762e-01 1.85503367e-07]
 [9.99999881e-01 1.59471057e-07]
 [9.99999881e-01 9.09812670e-08]
 [9.99999881e-01 6.91719961e-08]
 [9.99999881e-01 8.43536085e-08]
 [9.99999881e-01 1.08259513e-07]
 [9.99999881e-01 1.04604595e-07]
 [9.99999881e-01 8.82244748e-08]
 [1.00000000e+00 3.35263461e-09]]	[[1.00000000e+00 4.96194943e-08]
 [1.00000000e+00 3.44640299e-08]
 [9.99999881e-01 6.06595520e-08]
 [1.00000000e+00 2.86604207e-09]
 [9.99999762e-01 2.33128887e-07]
 [9.99999881e-01 1.12895265e-07]
 [9.99999762e-01 2.60317734e-07]
 [9.99999881e-01 8.68868355e-08]
 [1.00000000e+00 8.75588846e-09]
 [9.99999881e-01 1.76466855e-07]
 [9.99984980e-01 1.50564765e-05]
 [9.99999881e-01 1.06443160e-07]
 [9.99999881e-01 6.82937866e-08]
 [1.00000000e+00 2.27024746e-08]
 [9.99999881e-01 8.30049771e-08]
 [9.99996185e-01 3.77629658e-06]
 [1.00000000e+00 5.39885789e-08]
 [1.00000000e+00 5.51080390e-08]
 [1.00000000e+00 5.84571058e-09]
 [9.99999881e-01 1.18151078e-07]
 [9.99999046e-01 1.00505747e-06]
 [9.99999285e-01 7.09115739e-07]
 [9.99999762e-01 2.67017583e-07]
 [9.99999881e-01 1.60695905e-07]
 [1.00000000e+00 2.23891625e-08]
 [9.99999762e-01 2.16194323e-07]
 [9.99999762e-01 2.48409464e-07]
 [9.99999404e-01 6.48798448e-07]
 [9.99999762e-01 2.80074175e-07]
 [9.99999642e-01 4.12294838e-07]
 [9.99999404e-01 5.67116217e-07]
 [9.99999046e-01 9.25531538e-07]
 [9.99999762e-01 2.68596210e-07]
 [9.99999881e-01 1.42062945e-07]
 [9.99999881e-01 9.14773537e-08]
 [9.99999881e-01 9.75315899e-08]
 [9.99999881e-01 1.16628783e-07]
 [9.99999881e-01 1.25698620e-07]
 [9.99999881e-01 9.25847914e-08]
 [1.00000000e+00 3.88466148e-09]]	[[9.9999535e-01 4.5990828e-06]
 [1.0000000e+00 1.3129789e-08]
 [1.0000000e+00 1.3728286e-08]
 [9.9999988e-01 6.1596474e-08]
 [9.9999988e-01 1.4799241e-07]
 [1.0000000e+00 3.4550446e-08]
 [9.9999988e-01 1.2744341e-07]
 [9.9999988e-01 6.0577925e-08]
 [1.0000000e+00 1.9487022e-08]
 [9.9999797e-01 2.0072421e-06]
 [1.0000000e+00 5.3886218e-08]
 [1.0000000e+00 2.9382772e-08]
 [1.0000000e+00 3.4939518e-08]
 [1.0000000e+00 1.6081524e-08]
 [9.9999821e-01 1.8334075e-06]
 [9.9999952e-01 5.0930510e-07]
 [9.9999988e-01 9.9684264e-08]
 [9.9999988e-01 6.8250159e-08]
 [1.0000000e+00 2.4326948e-08]
 [9.9999988e-01 1.5099941e-07]
 [9.9999952e-01 4.6178133e-07]
 [9.9999881e-01 1.2074762e-06]
 [9.9999905e-01 9.6894837e-07]
 [9.9999976e-01 2.6260474e-07]
 [9.9999821e-01 1.7452870e-06]
 [9.9999905e-01 9.0424857e-07]
 [9.9999952e-01 4.5966968e-07]
 [9.9999809e-01 1.9375357e-06]
 [9.9997234e-01 2.7599994e-05]
 [9.9999976e-01 2.3489618e-07]
 [9.9999857e-01 1.4095597e-06]
 [9.9999869e-01 1.3677917e-06]
 [9.9999964e-01 3.7354883e-07]
 [9.9999988e-01 1.0112398e-07]
 [9.9999988e-01 7.0496078e-08]
 [9.9999988e-01 7.0809122e-08]
 [9.9999988e-01 7.8379315e-08]
 [9.9999988e-01 7.6644604e-08]
 [9.9999988e-01 6.2211861e-08]
 [1.0000000e+00 4.7872466e-09]]	[[9.99998569e-01 1.43464240e-06]
 [1.00000000e+00 1.14888925e-08]
 [9.99997854e-01 2.10706298e-06]
 [9.99998689e-01 1.33004528e-06]
 [9.99997616e-01 2.43463660e-06]
 [9.99998331e-01 1.68740587e-06]
 [9.99998450e-01 1.53212682e-06]
 [9.99999166e-01 8.85856196e-07]
 [9.99999881e-01 9.58886446e-08]
 [9.99999404e-01 5.76796253e-07]
 [1.00000000e+00 2.96641574e-08]
 [1.00000000e+00 1.25933379e-08]
 [1.00000000e+00 3.99055367e-08]
 [9.99999404e-01 5.66199105e-07]
 [9.99998450e-01 1.54094823e-06]
 [1.00000000e+00 5.04582118e-08]
 [1.00000000e+00 1.34425111e-08]
 [1.00000000e+00 2.56641570e-08]
 [9.99998808e-01 1.16664091e-06]
 [9.99997854e-01 2.13927296e-06]
 [1.00000000e+00 2.88296143e-09]
 [9.99999404e-01 6.49491199e-07]
 [9.98510301e-01 1.48968759e-03]
 [9.98545289e-01 1.45468477e-03]
 [9.99991894e-01 8.13957558e-06]
 [9.99998689e-01 1.25388340e-06]
 [9.99998450e-01 1.50189271e-06]
 [9.99999762e-01 2.65016212e-07]
 [9.99999642e-01 3.87287486e-07]
 [1.00000000e+00 8.52569570e-09]
 [9.99979973e-01 1.99836213e-05]
 [9.99781907e-01 2.18055662e-04]
 [9.98836458e-01 1.16358476e-03]
 [9.99999762e-01 2.97131493e-07]
 [1.00000000e+00 4.69061803e-08]
 [9.99999881e-01 5.99704606e-08]
 [1.00000000e+00 5.35304423e-08]
 [1.00000000e+00 3.39073942e-08]
 [1.00000000e+00 3.81975731e-08]
 [1.00000000e+00 2.98643883e-08]]
